1531.50	1534.45	1520.50	1529.60	8928042
1540.00	1548.80	1529.95	1535.75	19872650
1536.10	1552.00	1531.60	1549.85	11012668
1530.10	1542.15	1528.50	1539.60	15666680
1520.55	1529.00	1515.20	1524.85	16633146
1528.00	1530.00	1512.00	1516.25	8227486
1544.00	1545.00	1529.85	1534.05	8879678
1535.05	1551.55	1532.60	1535.75	24256337
1495.00	1535.00	1489.25	1529.55	27324715
1527.00	1527.00	1506.00	1508.05	19485847
1523.70	1535.45	1522.30	1526.30	16026891
1534.00	1537.60	1518.35	1523.70	27677094
1523.00	1532.50	1515.00	1526.85	19669269
1525.00	1540.00	1525.00	1537.65	13787654
1525.00	1540.70	1525.00	1531.00	20104377
1559.00	1564.40	1523.75	1529.65	30852125
1553.00	1568.95	1537.05	1553.35	36420721
1599.00	1599.00	1560.40	1563.70	57737324
1653.75	1655.00	1626.10	1629.05	18528144
1650.00	1670.00	1650.00	1661.75	86705601
1644.25	1650.00	1635.10	1642.90	11769424
1631.30	1651.60	1628.60	1643.90	23210047
1640.00	1642.90	1625.05	1636.90	19516670
1628.90	1636.50	1624.00	1631.80	15786511
1608.30	1632.90	1607.60	1623.40	17251105
1595.50	1614.00	1587.15	1610.85	17104171
1576.80	1600.00	1574.90	1595.50	28160455
1588.40	1588.40	1570.60	1574.90	19356041
1590.00	1591.45	1574.90	1584.55	12536819
1571.00	1579.00	1559.35	1574.70	21613388
990	1009.45	990	1004.80	4646960
1009.00	1011.45	992.25	994.05	12173162
1022.00	1031.00	1014.95	1018.45	4920222
1019.00	1025.65	1012.00	1019.10	7396783
999.9	1014.95	996.5	1012.25	5728499
994.8	999.7	988.25	996.25	6823214
1005.00	1008.00	999.4	1000.95	5289753
1000.00	1009.20	988.9	1003.25	7950412
1035.35	1037.00	988.85	995.55	22584212
1035.00	1044.70	1032.60	1041.05	11589322
1030.90	1041.00	1024.50	1036.70	9528626
1027.00	1037.95	1025.20	1030.90	15818489
1009.95	1027.95	1004.00	1025.20	5158686
1019.00	1020.70	1011.00	1014.15	6387615
1015.20	1026.00	1005.15	1018.95	7123890
1010.00	1027.25	1008.00	1018.25	7108110
1026.60	1033.60	1012.10	1014.45	8156588
1012.30	1047.50	1012.30	1027.30	13619788
1021.55	1029.90	1019.00	1024.75	6397319
1021.00	1031.75	1014.55	1027.15	8986157
1014.45	1022.40	1009.05	1020.90	7855558
1002.95	1017.00	993.7	1014.45	12254423
1010.00	1010.00	998.05	1000.90	8958327
981.8	1004.00	979	1000.40	7130484
978.2	987.3	972.5	980.3	6439351
965.05	979.8	963.1	978.2	8686550
981.45	983.15	961.8	965.05	16351052
985.45	986.2	977.9	981.45	10548660
993.75	994.55	980	982.25	6727188
974.25	993	969	991.15	10946742
5035.00	5099.40	5032.00	5076.70	158560
5089.95	5123.45	5040.00	5052.40	387366
5085.00	5151.00	5051.10	5106.60	472168
5055.00	5095.00	5050.00	5064.40	575680
5007.30	5064.00	5002.20	5037.50	307502
4957.05	5068.70	4957.05	5007.30	244083
5120.00	5120.00	4997.50	5014.60	279352
4935.00	5039.30	4925.10	5011.05	657876
5011.25	5019.20	4903.05	4918.60	256544
5065.00	5073.00	4997.10	5016.45	464531
5029.00	5082.50	5004.90	5063.70	248079
5047.80	5128.85	4980.15	5006.60	580065
5065.20	5067.55	5018.00	5032.95	257406
5011.00	5102.95	5000.15	5069.20	450923
5000.00	5060.15	4992.85	5005.45	539731
5051.00	5084.15	4996.20	5001.05	498375
5168.00	5185.55	5073.10	5085.20	640829
5176.00	5263.35	5166.10	5182.95	622924
5124.00	5274.90	5094.25	5176.65	804973
4894.90	5149.00	4893.00	5130.50	1689829
4814.95	4858.00	4787.55	4844.50	249498
4820.00	4843.00	4800.25	4808.30	207142
4843.95	4849.85	4762.60	4820.60	305478
4779.00	4810.00	4763.00	4806.40	151600
4717.20	4784.60	4702.70	4759.55	209769
4679.00	4725.00	4655.00	4717.20	319934
4701.50	4710.00	4666.70	4683.80	224928
4639.00	4735.00	4635.35	4701.60	353620
4683.00	4689.40	4622.40	4637.15	328037
4622.40	4699.00	4619.00	4668.45	456071
668.55	677.8	661.25	666.2	20005816
633.95	669	633	667.1	28011678
637	640.2	635.05	636.95	5928732
633	637.8	632.6	634	7701931
620	632.5	617.6	630.55	9833429
620.8	622	613.7	617.35	6381189
627	627.35	620	622.45	7922379
619	621.35	614.65	619.6	7893892
620.8	620.8	608.3	613.6	7612709
632.6	632.65	618.6	620.45	6894577
618.7	633	617	630.2	8969405
622.9	623.8	612.25	614.1	6768196
619.95	621.9	616.75	620.15	5960490
618.7	625.7	617.95	619.8	6271108
623.85	625.2	617.9	618.7	6390681
628	630.8	619	620.45	6551917
638.5	641.7	624	627.05	9266854
640.7	647	637	638.5	11777925
635.9	644.2	633.15	640.65	11108349
628.7	636.5	627.15	634.25	18917805
628.1	630.8	623.3	624.6	5722295
621	628.5	619.55	625.9	6988358
638	639	615.25	620.8	12541377
634.65	635.4	630.5	634.85	8780510
617.95	628.9	614.2	627.25	16190749
610.9	616.5	609.05	614.9	6520293
611.15	612.55	605.6	610.25	6520064
610	618.9	608.05	611.15	8560651
615.6	615.6	606	609	8392665
604.2	614.9	601.9	611.2	10297492
10729.95    10810.85	10665.00	10704.50	304196
10534.05	10745.05	10529.80	10727.55	625954
10460.00	10624.55	10420.20	10580.90	569237
10349.95	10440.00	10340.05	10412.10	193526
10290.00	10417.00	10270.10	10375.00	348342
10250.00	10334.40	10183.95	10244.80	230083
10283.00	10332.95	10260.00	10302.05	335700
10181.95	10270.95	10109.00	10210.15	377196
10283.90	10283.90	10090.00	10129.85	407793
10709.80	10709.80	10303.30	10346.90	623006
10541.00	10705.50	10510.55	10610.60	481725
10650.50	10705.00	10532.05	10565.35	598144
10550.00	10706.00	10525.00	10680.75	458359
10631.90	10633.95	10526.55	10556.65	452503
10535.15	10720.00	10530.00	10588.20	756801
10378.00	10566.75	10308.45	10535.15	986206
10343.05	10345.00	10206.50	10284.30	577252
10494.05	10494.05	10337.55	10346.75	545106
10500.05	10623.65	10494.05	10522.10	430213
10489.30	10550.00	10477.40	10525.25	544616
10465.05	10580.00	10431.05	10488.15	501196
10500.00	10536.40	10440.00	10473.40	301707
10544.00	10568.40	10405.00	10503.60	568773
10345.00	10550.00	10344.00	10533.85	598050
10399.00	10400.00	10300.00	10332.00	439721
10150.00	10300.90	10150.00	10280.75	445805
10260.00	10260.00	10130.15	10178.85	663758
10350.00	10412.70	10245.80	10262.10	507107
10401.00	10467.95	10286.30	10362.45	819552
9999.00	10397.95	9951.35	10331.25	1193178
2345.00	2354.55	2336.00	2344.05	2964518
2340.00	2357.50	2329.15	2349.30	5075158
2343.85	2359.35	2338.15	2349.40	6277225
2314.45	2349.70	2313.00	2345.05	4907059
2306.55	2317.90	2303.75	2308.40	5118016
2308.10	2311.95	2295.00	2298.25	3788439
2317.05	2324.80	2312.05	2318.00	2715513
2319.25	2329.40	2309.00	2314.10	5476841
2309.00	2319.00	2295.10	2314.15	5143193
2329.95	2335.60	2316.00	2318.15	4429528
2341.80	2369.10	2334.10	2345.00	6171007
2383.00	2383.00	2325.00	2334.10	7259173
2343.50	2371.80	2338.50	2368.90	5861389
2338.55	2350.20	2335.60	2342.50	5043891
2350.40	2360.70	2335.10	2340.45	7127442
2376.00	2382.45	2350.00	2354.95	9588393
2374.95	2390.10	2360.00	2364.80	6113091
2423.05	2427.60	2355.00	2382.15	28540942
2440.05	2451.00	2432.05	2436.45	3758150
2468.00	2468.00	2449.50	2457.85	12734296
2460.00	2465.80	2445.00	2453.30	4604818
2440.00	2462.65	2426.25	2451.05	6401669
2483.00	2483.00	2435.95	2438.85	8127833
2452.00	2476.85	2452.00	2474.60	6635537
2440.00	2456.00	2422.95	2448.20	11554644
2421.70	2438.25	2411.00	2432.00	6826286
2421.10	2436.15	2417.25	2428.70	4100185
2420.00	2433.95	2412.45	2423.60	4337938
2412.65	2423.65	2405.30	2410.70	4673813
2406.55	2425.65	2401.65	2412.65	9056421
3284.00	3329.00	3275.00	3301.40	778014
3285.00	3307.00	3266.55	3283.75	920545
3292.00	3295.05	3262.60	3285.00	429096
3289.70	3296.00	3264.00	3280.50	546575
3295.00	3299.20	3259.30	3269.20	633934
3294.70	3296.00	3249.05	3267.50	822467
3230.00	3319.80	3221.10	3309.75	1102120
3173.90	3231.00	3165.00	3216.50	1109881
3186.00	3205.00	3151.00	3166.65	486969
3148.80	3212.50	3114.40	3196.25	1007308
3160.05	3176.45	3143.05	3148.80	697564
3217.50	3224.90	3141.75	3157.25	1214383
3246.80	3266.95	3186.00	3214.55	1464192
3294.00	3308.00	3255.00	3262.60	1054827
3274.50	3314.90	3261.35	3283.95	623515
3298.80	3298.80	3261.70	3274.50	1019051
3300.00	3322.50	3285.80	3304.50	1091384
3314.00	3349.00	3300.05	3306.65	1201025
3257.00	3352.00	3246.80	3339.50	1423507
3261.60	3264.00	3239.00	3248.60	1397407
3277.55	3302.45	3240.00	3261.35	1264935
3178.05	3270.00	3178.05	3263.20	1370306
3216.05	3221.15	3177.60	3185.80	591509
3209.95	3221.55	3186.60	3213.30	544452
3182.00	3205.00	3172.80	3199.10	700158
3173.00	3182.95	3152.00	3172.80	805295
3136.15	3180.55	3120.85	3176.05	1163154
3120.00	3157.50	3115.00	3136.15	721199
3116.95	3124.95	3086.30	3100.30	539813
3111.95	3124.90	3100.00	3116.80	423739
3566.00	3574.65	3519.10	3524.05	1671104
3530.00	3577.00	3525.00	3570.85	2890357
3575.00	3588.65	3538.10	3542.55	4241281
3650.00	3650.00	3605.00	3609.90	2426417
3640.05	3648.00	3601.35	3628.90	1848148
3645.05	3679.00	3631.00	3638.35	4233074
3591.00	3634.95	3575.05	3621.40	2075691
3554.00	3624.00	3551.20	3589.35	2990768
3486.30	3548.00	3477.30	3537.75	1788138
3534.20	3534.20	3480.10	3513.85	1948148
3537.20	3568.45	3505.55	3528.60	2243791
3600.00	3602.80	3527.35	3536.75	1755753
3590.00	3614.00	3555.70	3589.30	1541134
3567.60	3594.95	3536.00	3585.70	1726062
3602.50	3620.00	3558.65	3577.15	1238778
3584.00	3633.75	3565.05	3603.65	1989083
3588.55	3605.00	3528.00	3585.30	2004073
3580.00	3625.00	3580.00	3606.05	1649396
3580.05	3619.30	3575.25	3606.15	1395753
3567.85	3607.35	3562.45	3598.30	2952897
3570.05	3597.70	3545.60	3560.05	2604721
3571.10	3588.85	3545.00	3567.85	1754929
3492.00	3589.90	3483.00	3580.80	4476016
3462.00	3485.70	3445.00	3480.65	1783604
3455.25	3465.00	3435.05	3441.90	1518917
3430.80	3460.00	3422.30	3455.25	1885092
3434.00	3443.90	3398.10	3429.90	1314818
3420.00	3447.00	3405.15	3429.35	1501842
3378.00	3432.85	3370.05	3418.50	1828332
3366.00	3389.00	3356.80	3379.20	1277950
1432.10	1443.60	1430.00	1434.15	4850745
1405.00	1438.00	1400.00	1431.15	17973439
1491.90	1504.40	1452.00	1465.50	11081662
1497.00	1518.25	1481.45	1494.40	7220129
1483.90	1497.00	1469.10	1495.15	5688951
1464.90	1491.00	1462.20	1475.45	3567552
1469.50	1484.50	1463.30	1478.70	3598672
1452.00	1475.65	1450.20	1463.45	7384621
1425.00	1449.95	1418.20	1444.35	4510406
1436.05	1437.00	1420.30	1434.00	4181867
1432.10	1446.80	1416.00	1435.45	6068968
1467.90	1472.60	1435.00	1439.45	5814602
1456.00	1469.60	1450.05	1467.00	3863586
1479.15	1479.90	1459.00	1460.65	3996528
1489.85	1489.85	1471.55	1474.15	4217863
1491.90	1506.95	1485.20	1496.15	5455613
1486.55	1504.55	1476.00	1501.75	6779195
1476.20	1495.10	1476.20	1490.25	4169337
1504.90	1504.90	1488.00	1491.80	3991916
1518.00	1518.40	1509.00	1511.60	8657816
1505.00	1512.55	1499.15	1506.95	6444213
1505.00	1505.00	1488.65	1498.35	4804686
1482.50	1504.00	1477.10	1501.10	6793161
1469.60	1478.05	1464.50	1476.45	4182226
1463.50	1474.75	1460.20	1469.60	3125838
1470.60	1473.40	1462.05	1466.20	4411743
1481.90	1482.90	1463.30	1477.45	5075786
1465.00	1480.05	1456.50	1478.90	5496840
1443.00	1470.00	1434.70	1465.10	4609014
1430.95	1446.00	1428.20	1443.85	3582133
411	411.9	408.15	410.2   2638826
411.9	414.4	409.05	411.05	5457027
421.75	421.9	414.7	417.1	5117199
409	423.95	409	421.15	9546114
406.4	408.75	406.2	407.75	2564007
404.2	411	403.4	405.6	3015225
408	409.8	406.95	407.85	3182502
407.95	410.4	405	406.8	4062652
402.7	405.45	400.65	404.9	3452935
406.45	408.1	403.6	405.45	2864052
405	409.25	401.5	406.05	6390136
416.5	416.5	404	405.35	8438058
412.25	416.55	410.3	415.65	3886997
416.8	416.8	411.7	412.9	3240283
418.5	419.75	412	414.1	4650566
424.4	426.75	416.6	418.5	9909130
429.9	431.25	423.05	428.95	4446535
434.25	436.85	429.05	430.1	4551350
441.05	441.05	435.2	436.1	3012598
439.8	443.75	438.25	441.05	9917938
438.4	443.25	435.3	436.45	7447505
434.95	437.95	431.5	435.7	3722835
437.1	441.5	426.9	435	7272664
433	437.5	430.1	434.85	4126657
433.45	433.45	429.3	430	2874205
429.95	433.7	426.75	432.85	4661325
433.75	435.55	425.9	429.3	6765956
435.8	437.5	430.3	431.85	8986713
418	436.5	416	434.1	13817324
407.95	417.75	407.5	416.35	4238065